12657645,30.88,77.84,1009.97,24.18,1379.06,1.111,1.9694,1583.12,1.276,1.5867,25,worst
12663514,30.92,77.62,1009.96,25.95,1378.34,1.111,1.9710,1582.58,1.275,1.5875,25,worst
12669383,30.96,77.53,1009.96,28.10,1378.88,1.111,1.9698,1578.30,1.272,1.5946,25,worst
12675252,31.00,77.46,1009.97,29.89,1379.68,1.112,1.9681,1586.78,1.279,1.5807,25,worst
12681121,31.03,77.38,1009.97,31.25,1379.38,1.112,1.9687,1586.92,1.279,1.5805,25,worst
12686990,31.06,77.33,1009.96,32.36,1380.74,1.113,1.9658,1592.62,1.283,1.5712,25,worst
12692859,31.08,77.26,1009.96,33.32,1381.88,1.114,1.9634,1593.42,1.284,1.5699,25,worst
12698728,31.10,77.24,1009.97,34.21,1383.08,1.115,1.9608,1593.76,1.284,1.5694,25,worst
12704597,31.12,77.21,1009.97,34.90,1383.40,1.115,1.9601,1600.26,1.290,1.5590,25,worst
12710466,31.14,77.17,1009.96,35.16,1383.68,1.115,1.9595,1586.48,1.278,1.5812,25,worst
12716335,31.16,77.18,1009.96,35.72,1380.36,1.112,1.9666,1584.64,1.277,1.5842,25,worst
12722204,31.17,77.20,1009.95,36.21,1381.08,1.113,1.9651,1582.64,1.275,1.5874,25,worst
12728073,31.19,77.18,1009.95,36.36,1380.94,1.113,1.9654,1558.18,1.256,1.6281,25,worst
12733942,31.20,77.15,1009.96,36.49,1381.70,1.113,1.9637,1558.44,1.256,1.6276,25,worst
12739811,31.22,77.12,1009.96,36.80,1381.16,1.113,1.9649,1554.12,1.252,1.6349,25,worst
12745680,31.23,77.10,1009.96,36.74,1379.52,1.112,1.9684,1554.10,1.252,1.6350,25,worst
12751549,31.25,77.10,1009.97,37.35,1377.86,1.110,1.9720,1554.24,1.253,1.6347,25,worst
12757418,31.26,77.04,1009.97,37.32,1381.36,1.113,1.9645,1555.48,1.254,1.6326,25,worst
12763287,31.27,77.03,1009.97,37.51,1377.58,1.110,1.9726,1556.72,1.254,1.6305,25,worst
12769156,31.28,76.98,1009.97,37.75,1380.62,1.113,1.9661,1557.98,1.256,1.6284,25,worst
12775025,31.29,76.95,1009.97,37.65,1380.54,1.113,1.9662,1550.34,1.249,1.6414,25,worst
12780894,31.31,76.90,1009.97,37.71,1381.74,1.113,1.9637,1560.74,1.258,1.6238,25,worst
12786763,31.32,76.88,1009.97,37.78,1387.00,1.118,1.9524,1559.84,1.257,1.6253,25,worst
12792632,31.33,76.85,1009.97,37.91,1381.22,1.113,1.9648,1559.00,1.256,1.6267,25,worst
12798501,31.34,76.88,1009.98,37.95,1382.56,1.114,1.9619,1559.56,1.257,1.6257,25,worst
12804370,31.35,76.85,1009.97,38.02,1382.52,1.114,1.9620,1560.56,1.258,1.6241,25,worst
12810239,31.36,76.80,1009.98,37.98,1378.82,1.111,1.9699,1560.06,1.257,1.6249,25,worst
12816108,31.37,76.78,1009.98,37.95,1380.84,1.113,1.9656,1563.90,1.260,1.6185,25,worst
12821977,31.39,76.74,1009.98,37.95,1383.82,1.115,1.9592,1560.82,1.258,1.6236,25,worst
12827846,31.39,76.72,1009.99,38.02,1381.50,1.113,1.9642,1559.48,1.257,1.6259,25,worst
12833715,31.41,76.68,1009.99,38.12,1383.06,1.115,1.9608,1559.34,1.257,1.6261,25,worst
12839584,31.42,76.66,1009.98,38.36,1381.84,1.114,1.9634,1560.00,1.257,1.6250,25,worst
12845453,31.43,76.64,1009.98,38.22,1383.98,1.115,1.9589,1559.84,1.257,1.6253,25,worst
12851322,31.44,76.59,1009.98,38.36,1383.28,1.115,1.9604,1559.26,1.257,1.6262,25,worst
12857191,31.45,76.57,1009.98,38.19,1382.02,1.114,1.9631,1559.86,1.257,1.6252,25,worst
12863060,31.46,76.54,1009.98,38.29,1382.92,1.114,1.9611,1558.70,1.256,1.6272,25,worst
12868929,31.47,76.52,1009.99,38.05,1382.64,1.114,1.9617,1559.66,1.257,1.6256,25,worst
12874798,31.48,76.49,1009.99,38.12,1381.20,1.113,1.9648,1560.04,1.257,1.6249,25,worst
12880667,31.49,76.46,1009.99,38.19,1383.24,1.115,1.9604,1556.74,1.255,1.6305,25,worst
12886536,31.50,76.43,1010.00,38.12,1383.76,1.115,1.9593,1553.70,1.252,1.6356,25,worst
12892405,31.51,76.41,1010.00,38.36,1382.26,1.114,1.9625,1553.10,1.252,1.6367,25,worst
12898274,31.52,76.39,1009.99,38.22,1382.04,1.114,1.9630,1552.48,1.251,1.6377,25,worst
12904143,31.53,76.40,1009.99,38.15,1380.26,1.112,1.9668,1541.50,1.242,1.6565,25,worst
12910012,31.54,76.40,1009.99,38.15,1382.48,1.114,1.9621,1536.56,1.238,1.6650,25,worst
12915881,31.55,76.38,1009.98,38.22,1382.44,1.114,1.9622,1551.54,1.250,1.6393,25,worst
12921750,31.55,76.37,1009.98,38.22,1380.40,1.112,1.9665,1537.96,1.239,1.6626,25,worst
12927619,31.56,76.35,1009.98,38.15,1380.70,1.113,1.9659,1538.78,1.240,1.6612,25,worst
12933488,31.57,76.34,1009.99,38.39,1380.12,1.112,1.9671,1541.04,1.242,1.6573,25,worst
12939357,31.58,76.32,1009.99,38.39,1379.24,1.111,1.9690,1538.62,1.240,1.6615,25,worst
12945226,31.58,76.31,1009.99,38.32,1379.78,1.112,1.9679,1536.88,1.239,1.6645,25,worst
12951095,31.59,76.29,1009.99,38.50,1380.56,1.113,1.9662,1535.00,1.237,1.6678,25,worst
12956964,31.60,76.30,1009.99,38.50,1379.56,1.112,1.9683,1535.00,1.237,1.6678,25,worst
12962833,31.60,76.30,1009.98,38.32,1379.36,1.112,1.9688,1535.00,1.237,1.6678,25,worst
12968702,31.61,76.29,1009.98,38.46,1379.40,1.112,1.9687,1535.74,1.238,1.6665,25,worst
12974571,31.62,76.26,1009.97,38.39,1379.70,1.112,1.9680,1533.30,1.236,1.6707,25,worst
12980440,31.63,76.25,1009.97,38.22,1378.78,1.111,1.9700,1535.36,1.237,1.6671,25,worst
12986309,31.63,76.27,1009.97,38.53,1378.14,1.111,1.9714,1536.78,1.238,1.6647,25,worst
12992178,31.64,76.27,1009.98,38.46,1378.08,1.111,1.9715,1535.00,1.237,1.6678,25,worst
12998047,31.64,76.29,1009.98,38.46,1378.60,1.111,1.9704,1534.94,1.237,1.6679,25,worst
13003916,31.65,76.28,1009.98,38.56,1377.00,1.110,1.9739,1540.94,1.242,1.6575,25,worst
13009785,31.65,76.28,1009.98,38.60,1377.94,1.110,1.9718,1537.22,1.239,1.6639,25,worst
13015654,31.65,76.27,1009.98,38.43,1379.50,1.112,1.9685,1531.62,1.234,1.6736,25,worst
13021523,31.66,76.25,1009.98,38.53,1379.92,1.112,1.9676,1541.00,1.242,1.6574,25,worst
13027392,31.66,76.25,1009.98,38.60,1379.08,1.111,1.9694,1533.00,1.235,1.6712,25,worst
13033261,31.67,76.23,1009.98,38.56,1378.44,1.111,1.9707,1534.96,1.237,1.6678,25,worst
13039130,31.68,76.21,1009.98,38.60,1378.26,1.111,1.9711,1536.70,1.238,1.6648,25,worst
13044999,31.68,76.21,1009.98,38.67,1378.62,1.111,1.9704,1535.64,1.238,1.6666,25,worst
13050868,31.69,76.19,1009.98,38.50,1378.66,1.111,1.9703,1540.02,1.241,1.6591,25,worst
13056737,31.69,76.18,1009.98,38.63,1379.08,1.111,1.9694,1542.64,1.243,1.6545,25,worst
13062606,31.70,76.16,1009.98,38.60,1379.22,1.111,1.9691,1533.66,1.236,1.6701,25,worst
13068475,31.71,76.14,1009.98,38.60,1381.20,1.113,1.9648,1534.90,1.237,1.6679,25,worst
13074344,31.71,76.16,1009.98,38.63,1382.80,1.114,1.9614,1534.90,1.237,1.6679,25,worst
13080213,31.72,76.13,1009.98,38.46,1380.14,1.112,1.9671,1535.00,1.237,1.6678,25,worst
13086082,31.72,76.11,1009.98,38.60,1381.14,1.113,1.9649,1536.08,1.238,1.6659,25,worst
13091951,31.73,76.11,1009.98,38.53,1382.62,1.114,1.9618,1534.84,1.237,1.6680,25,worst
13097820,31.73,76.10,1009.97,38.46,1380.62,1.113,1.9661,1529.06,1.232,1.6781,25,worst
13103689,31.74,76.10,1009.97,38.46,1379.96,1.112,1.9675,1535.74,1.238,1.6665,25,worst
13109558,31.75,76.09,1009.97,38.50,1382.62,1.114,1.9618,1535.00,1.237,1.6678,25,worst
13115427,31.75,76.08,1009.97,38.43,1385.02,1.116,1.9566,1535.00,1.237,1.6678,25,worst
13121296,31.76,76.08,1009.97,38.50,1382.20,1.114,1.9627,1535.88,1.238,1.6662,25,worst
13127165,31.76,76.08,1009.97,38.56,1382.16,1.114,1.9628,1536.42,1.238,1.6653,25,worst
13133034,31.77,76.07,1009.97,38.56,1384.76,1.116,1.9572,1535.42,1.237,1.6670,25,worst
13138903,31.77,76.06,1009.97,38.56,1380.18,1.112,1.9670,1535.36,1.237,1.6671,25,worst
13144772,31.78,76.11,1009.97,38.32,1381.26,1.113,1.9647,1535.38,1.237,1.6671,25,worst
13150641,31.78,76.10,1009.97,38.50,1384.40,1.116,1.9580,1535.00,1.237,1.6678,25,worst
13156510,31.79,76.11,1009.97,38.19,1385.14,1.116,1.9564,1535.36,1.237,1.6671,25,worst
13162379,31.79,76.11,1009.96,38.43,1381.68,1.113,1.9638,1535.94,1.238,1.6661,25,worst
13168248,31.80,76.08,1009.96,38.36,1382.20,1.114,1.9627,1535.00,1.237,1.6678,25,worst
13174117,31.80,76.07,1009.96,38.43,1381.44,1.113,1.9643,1536.14,1.238,1.6658,25,worst
13179986,31.81,76.06,1009.96,38.46,1380.76,1.113,1.9658,1535.40,1.237,1.6671,25,worst
13185855,31.81,76.04,1009.97,38.32,1378.08,1.111,1.9715,1534.72,1.237,1.6682,25,worst
13191724,31.82,76.04,1009.96,38.32,1383.28,1.115,1.9604,1535.74,1.238,1.6665,25,worst
13197593,31.82,76.04,1009.97,38.39,1383.54,1.115,1.9598,1536.86,1.238,1.6645,25,worst
13203462,31.83,76.03,1009.96,38.46,1383.34,1.115,1.9602,1540.62,1.242,1.6580,25,worst
13209331,31.83,76.03,1009.96,38.46,1384.68,1.116,1.9574,1533.14,1.235,1.6710,25,worst
13215200,31.84,76.02,1009.95,38.46,1387.02,1.118,1.9524,1544.20,1.244,1.6519,25,worst
13221069,31.84,75.99,1009.95,38.32,1386.42,1.117,1.9537,1543.18,1.244,1.6536,25,worst
13226938,31.84,75.99,1009.96,38.43,1385.14,1.116,1.9564,1543.54,1.244,1.6530,25,worst
13232807,31.85,75.96,1009.96,38.43,1382.60,1.114,1.9618,1536.54,1.238,1.6651,25,worst
13238676,31.85,75.95,1009.97,38.39,1382.24,1.114,1.9626,1542.08,1.243,1.6555,25,worst
13244545,31.86,75.94,1009.96,38.53,1383.02,1.115,1.9609,1544.68,1.245,1.6510,25,worst
13250414,31.86,75.92,1009.96,38.53,1381.60,1.113,1.9640,1545.20,1.245,1.6501,25,worst
13256283,31.87,75.92,1009.97,38.36,1382.24,1.114,1.9626,1553.46,1.252,1.6361,25,worst
13262152,31.87,75.92,1009.96,38.36,1381.78,1.114,1.9636,1551.06,1.250,1.6401,25,worst
13268021,31.87,75.93,1009.96,38.50,1382.18,1.114,1.9627,1558.08,1.256,1.6282,25,worst
13273890,31.88,75.93,1009.96,38.63,1382.00,1.114,1.9631,1548.32,1.248,1.6448,25,worst
13279759,31.88,75.92,1009.95,38.46,1384.38,1.116,1.9580,1551.96,1.251,1.6386,25,worst
13285628,31.88,75.93,1009.95,38.53,1379.76,1.112,1.9679,1551.48,1.250,1.6394,25,worst
13291497,31.88,75.90,1009.95,38.36,1381.58,1.113,1.9640,1553.52,1.252,1.6359,25,worst
13297366,31.89,75.91,1009.95,38.46,1380.10,1.112,1.9672,1554.72,1.253,1.6339,25,worst
13303235,31.89,75.89,1009.95,38.63,1379.16,1.111,1.9692,1556.04,1.254,1.6317,25,worst
13309104,31.89,75.90,1009.95,38.50,1379.52,1.112,1.9684,1549.04,1.248,1.6436,25,worst
13314973,31.90,75.89,1009.95,38.63,1378.54,1.111,1.9705,1553.50,1.252,1.6360,25,worst
13320842,31.90,75.87,1009.95,38.43,1378.92,1.111,1.9697,1554.62,1.253,1.6341,25,worst
13326711,31.91,75.88,1009.95,38.60,1379.40,1.112,1.9687,1556.84,1.255,1.6303,25,worst
13332580,31.91,75.87,1009.94,38.53,1377.68,1.110,1.9724,1556.66,1.254,1.6306,25,worst
13338449,31.91,75.88,1009.94,38.53,1374.76,1.108,1.9787,1557.82,1.255,1.6287,25,worst
13344318,31.91,75.89,1009.94,38.56,1378.16,1.111,1.9714,1557.06,1.255,1.6300,25,worst
13350187,31.92,75.85,1009.94,38.46,1378.58,1.111,1.9704,1554.74,1.253,1.6339,25,worst
13356056,31.92,75.85,1009.93,38.46,1376.54,1.109,1.9748,1558.02,1.256,1.6283,25,worst
13361925,31.92,75.84,1009.93,38.63,1373.00,1.106,1.9825,1558.40,1.256,1.6277,25,worst
13367794,31.92,75.87,1009.93,38.53,1374.96,1.108,1.9783,1558.78,1.256,1.6271,25,worst
13373663,31.93,75.87,1009.94,38.53,1372.40,1.106,1.9838,1557.32,1.255,1.6295,25,worst
13379532,31.93,75.86,1009.94,38.63,1375.82,1.109,1.9764,1557.16,1.255,1.6298,25,worst
13385401,31.93,75.86,1009.95,38.71,1374.82,1.108,1.9786,1557.16,1.255,1.6298,25,worst
13391270,31.93,75.86,1009.94,38.53,1375.78,1.109,1.9765,1556.14,1.254,1.6315,25,worst
13397139,31.93,75.84,1009.94,38.67,1374.40,1.108,1.9795,1555.88,1.254,1.6320,25,worst
13403008,31.94,75.86,1009.94,38.81,1372.72,1.106,1.9831,1558.06,1.256,1.6283,25,worst
13408877,31.94,75.86,1009.95,38.60,1374.58,1.108,1.9791,1558.68,1.256,1.6272,25,worst
13414746,31.94,75.86,1009.95,38.74,1372.62,1.106,1.9833,1558.98,1.256,1.6267,25,worst
13420615,31.94,75.89,1009.94,38.67,1374.64,1.108,1.9790,1558.72,1.256,1.6272,25,worst
13426484,31.94,75.89,1009.94,38.60,1373.74,1.107,1.9809,1560.94,1.258,1.6234,25,worst
13432353,31.94,75.90,1009.95,38.63,1373.34,1.107,1.9818,1555.74,1.254,1.6322,25,worst
13438222,31.94,75.89,1009.95,38.71,1372.22,1.106,1.9842,1559.06,1.256,1.6266,25,worst
13444091,31.94,75.87,1009.94,38.60,1368.82,1.103,1.9916,1558.58,1.256,1.6274,25,worst
13449960,31.94,75.86,1009.93,38.67,1371.42,1.105,1.9860,1559.98,1.257,1.6250,25,worst
13455829,31.94,75.89,1009.93,38.74,1372.48,1.106,1.9836,1556.84,1.255,1.6303,25,worst
13461698,31.95,75.85,1009.93,38.81,1371.78,1.105,1.9852,1558.92,1.256,1.6268,25,worst
13467567,31.95,75.86,1009.92,38.78,1374.28,1.107,1.9797,1564.40,1.261,1.6176,25,worst
13473436,31.95,75.89,1009.93,38.74,1372.40,1.106,1.9838,1560.38,1.257,1.6244,25,worst
13479305,31.95,75.87,1009.93,38.67,1374.74,1.108,1.9787,1562.20,1.259,1.6213,25,worst
13485174,31.95,75.87,1009.93,38.85,1374.42,1.108,1.9794,1560.82,1.258,1.6236,25,worst
13491043,31.95,75.86,1009.93,38.78,1374.20,1.107,1.9799,1561.52,1.258,1.6224,25,worst
13496912,31.95,75.85,1009.93,38.74,1373.90,1.107,1.9806,1563.80,1.260,1.6186,25,worst
13502781,31.96,75.85,1009.93,38.85,1375.86,1.109,1.9763,1563.00,1.260,1.6200,25,worst
13508650,31.96,75.86,1009.92,38.60,1374.86,1.108,1.9785,1574.98,1.269,1.6000,25,worst
13514519,31.96,75.88,1009.92,38.85,1375.04,1.108,1.9781,1566.04,1.262,1.6149,25,worst
13520388,31.96,75.85,1009.93,38.71,1375.96,1.109,1.9761,1566.54,1.262,1.6140,25,worst
13526257,31.97,75.84,1009.93,38.85,1376.24,1.109,1.9755,1564.40,1.261,1.6176,25,worst
13532126,31.97,75.83,1009.92,38.71,1373.62,1.107,1.9812,1573.72,1.268,1.6021,25,worst
13537995,31.97,75.84,1009.92,38.78,1374.74,1.108,1.9787,1563.06,1.260,1.6199,25,worst
13543864,31.97,75.84,1009.91,38.74,1375.70,1.109,1.9767,1562.68,1.259,1.6205,25,worst
13549733,31.97,75.85,1009.92,38.67,1375.90,1.109,1.9762,1560.80,1.258,1.6237,25,worst
13555602,31.98,75.84,1009.92,38.92,1377.84,1.110,1.9720,1565.16,1.261,1.6163,25,worst
13561471,31.98,75.82,1009.92,38.88,1371.54,1.105,1.9857,1563.70,1.260,1.6188,25,worst
13567340,31.98,75.84,1009.93,38.74,1374.10,1.107,1.9801,1566.20,1.262,1.6146,25,worst
13573209,31.99,75.83,1009.94,38.71,1374.82,1.108,1.9786,1567.40,1.263,1.6126,25,worst
13579078,31.99,75.83,1009.94,38.85,1374.98,1.108,1.9782,1568.18,1.264,1.6113,25,worst
13584947,31.99,75.81,1009.94,38.78,1376.04,1.109,1.9759,1567.20,1.263,1.6129,25,worst
13590816,31.99,75.82,1009.94,38.63,1385.96,1.117,1.9546,1568.18,1.264,1.6113,25,worst
13596685,32.00,75.83,1009.94,38.81,1383.54,1.115,1.9598,1569.66,1.265,1.6088,25,worst
13602554,32.00,75.84,1009.94,38.71,1382.84,1.114,1.9613,1567.80,1.263,1.6119,25,worst
13608423,32.00,75.82,1009.94,38.63,1376.80,1.110,1.9743,1567.14,1.263,1.6130,25,worst
13614292,32.00,75.82,1009.93,38.85,1378.92,1.111,1.9697,1566.18,1.262,1.6146,25,worst
13620161,32.01,75.82,1009.94,38.74,1391.32,1.121,1.9432,1566.22,1.262,1.6146,25,worst
13626030,32.01,75.79,1009.93,38.74,1382.84,1.114,1.9613,1565.44,1.262,1.6159,25,worst
13631899,32.01,75.79,1009.93,38.78,1378.10,1.111,1.9715,1565.20,1.261,1.6163,25,worst
13637768,32.01,75.75,1009.94,38.71,1367.54,1.102,1.9944,1566.22,1.262,1.6146,25,worst
13643637,32.01,75.76,1009.92,38.74,1375.58,1.109,1.9769,1564.48,1.261,1.6175,25,worst
13649506,32.01,75.76,1009.92,38.81,1378.26,1.111,1.9711,1565.80,1.262,1.6153,25,worst
13655375,32.01,75.77,1009.92,38.71,1382.24,1.114,1.9626,1571.02,1.266,1.6066,25,worst
13661244,32.02,75.76,1009.92,38.74,1380.62,1.113,1.9661,1567.12,1.263,1.6131,25,worst
13667113,32.02,75.75,1009.92,38.85,1377.34,1.110,1.9731,1567.24,1.263,1.6129,25,worst
13672982,32.01,75.68,1009.91,38.99,1383.58,1.115,1.9597,1491.66,1.202,1.7453,25,worst
13678851,32.01,75.65,1009.91,39.10,1379.10,1.111,1.9693,1500.32,1.209,1.7294,25,worst
13684720,32.01,75.70,1009.92,39.02,1377.16,1.110,1.9735,1502.10,1.210,1.7262,25,worst
13690589,32.01,75.74,1009.93,39.02,1377.94,1.110,1.9718,1512.62,1.219,1.7072,25,worst
13696458,32.01,75.76,1009.93,39.06,1378.40,1.111,1.9708,1522.52,1.227,1.6896,25,worst
13702327,32.02,75.79,1009.93,39.17,1382.52,1.114,1.9620,1612.00,1.299,1.5403,25,worst
13708196,32.02,75.80,1009.94,39.02,1384.94,1.116,1.9568,1646.24,1.327,1.4875,25,worst
13714065,32.02,75.79,1009.94,39.20,1385.12,1.116,1.9564,1574.88,1.269,1.6002,25,worst
13719934,32.02,75.79,1009.94,38.99,1383.56,1.115,1.9598,1571.56,1.266,1.6057,25,worst
13725803,32.02,75.79,1009.94,38.92,1383.32,1.115,1.9603,1572.80,1.267,1.6036,25,worst
13731672,32.03,75.79,1009.95,38.99,1383.80,1.115,1.9592,1564.78,1.261,1.6170,25,worst
13737541,32.03,75.80,1009.94,38.99,1387.26,1.118,1.9519,1560.08,1.257,1.6249,25,worst
13743410,32.03,75.80,1009.94,38.88,1381.72,1.113,1.9637,1567.88,1.263,1.6118,25,worst
13749279,32.03,75.78,1009.95,38.95,1381.66,1.113,1.9638,1587.26,1.279,1.5799,25,worst
13755148,32.04,75.77,1009.94,39.06,1382.96,1.114,1.9610,1559.78,1.257,1.6254,25,worst
13761017,32.04,75.78,1009.95,38.99,1379.16,1.111,1.9692,1577.76,1.271,1.5955,25,worst
13766886,32.04,75.76,1009.94,38.85,1376.26,1.109,1.9755,1579.96,1.273,1.5918,25,worst
13772755,32.05,75.74,1009.94,38.92,1380.34,1.112,1.9667,1580.86,1.274,1.5904,25,worst
13778624,32.05,75.75,1009.95,39.02,1376.84,1.110,1.9742,1580.06,1.273,1.5917,25,worst
13784493,32.05,75.76,1009.94,38.85,1380.78,1.113,1.9657,1550.36,1.249,1.6413,25,worst
13790362,32.06,75.73,1009.95,38.81,1382.30,1.114,1.9625,1578.98,1.272,1.5934,25,worst
13796231,32.06,75.72,1009.95,38.92,1379.04,1.111,1.9695,1583.58,1.276,1.5859,25,worst
13802100,32.06,75.72,1009.95,39.06,1379.76,1.112,1.9679,1577.42,1.271,1.5960,25,worst
13807969,32.06,75.72,1009.94,39.06,1381.04,1.113,1.9652,1537.70,1.239,1.6631,25,worst
13813838,32.07,75.73,1009.94,38.92,1380.72,1.113,1.9658,1543.20,1.244,1.6536,25,worst
13819707,32.07,75.71,1009.94,38.88,1381.64,1.113,1.9639,1586.40,1.278,1.5813,25,worst
13825576,32.07,75.70,1009.95,39.10,1382.16,1.114,1.9628,1585.82,1.278,1.5823,25,worst
13831445,32.07,75.71,1009.95,38.81,1383.14,1.115,1.9607,1583.56,1.276,1.5859,25,worst
13837314,32.08,75.71,1009.95,38.81,1383.48,1.115,1.9599,1608.38,1.296,1.5460,25,worst
13843183,32.08,75.70,1009.94,38.95,1384.80,1.116,1.9571,1612.64,1.300,1.5393,25,worst
13849052,32.08,75.70,1009.94,38.85,1384.20,1.115,1.9584,1617.80,1.304,1.5312,25,worst
13854921,32.08,75.68,1009.95,38.78,1383.74,1.115,1.9594,1583.70,1.276,1.5857,25,worst
13860790,32.08,75.66,1009.94,38.81,1383.02,1.115,1.9609,1585.68,1.278,1.5825,25,worst
13866659,32.09,75.66,1009.94,38.85,1381.08,1.113,1.9651,1604.62,1.293,1.5520,25,worst
13872528,32.09,75.65,1009.94,38.71,1385.12,1.116,1.9564,1588.66,1.280,1.5776,25,worst
13878397,32.09,75.66,1009.94,38.63,1383.40,1.115,1.9601,1610.68,1.298,1.5424,25,worst
13884266,32.09,75.65,1009.94,38.85,1381.74,1.113,1.9637,1584.00,1.276,1.5852,25,worst
13890135,32.09,75.64,1009.94,38.88,1383.18,1.115,1.9606,1593.70,1.284,1.5695,25,worst
13896004,32.09,75.64,1009.95,38.99,1379.64,1.112,1.9682,1589.92,1.281,1.5756,25,worst
13901873,32.10,75.63,1009.94,38.92,1387.06,1.118,1.9523,1581.98,1.275,1.5885,25,worst
13907742,32.10,75.61,1009.94,38.88,1381.92,1.114,1.9633,1603.58,1.292,1.5537,25,worst
13913611,32.10,75.60,1009.94,38.81,1375.68,1.109,1.9767,1606.80,1.295,1.5485,25,worst
13919480,32.10,75.56,1009.95,38.95,1382.22,1.114,1.9626,1570.48,1.266,1.6075,25,worst
13925349,32.10,75.58,1009.95,38.92,1390.14,1.120,1.9457,1568.58,1.264,1.6106,25,worst
13931218,32.10,75.58,1009.94,38.99,1392.78,1.122,1.9402,1592.18,1.283,1.5719,25,worst
13937087,32.10,75.58,1009.94,38.88,1387.02,1.118,1.9524,1605.14,1.294,1.5512,25,worst
13942956,32.11,75.57,1009.94,38.88,1385.56,1.117,1.9555,1574.88,1.269,1.6002,25,worst
13948825,32.11,75.57,1009.94,39.10,1385.04,1.116,1.9566,1608.30,1.296,1.5462,25,worst
13954694,32.11,75.57,1009.94,39.13,1389.44,1.120,1.9472,1567.18,1.263,1.6130,25,worst
13960563,32.11,75.56,1009.93,38.99,1388.30,1.119,1.9497,1574.74,1.269,1.6004,25,worst
13966432,32.11,75.55,1009.94,38.95,1388.94,1.119,1.9483,1589.98,1.281,1.5755,25,worst
13972301,32.11,75.54,1009.94,38.95,1391.38,1.121,1.9431,1601.18,1.290,1.5575,25,worst
13978170,32.11,75.57,1009.93,38.95,1391.86,1.122,1.9421,1563.28,1.260,1.6195,25,worst
13984039,32.11,75.55,1009.94,38.85,1390.80,1.121,1.9443,1608.46,1.296,1.5459,25,worst
13989908,32.11,75.55,1009.95,38.99,1391.56,1.121,1.9427,1613.90,1.301,1.5373,25,worst
13995777,32.11,75.53,1009.94,38.92,1390.04,1.120,1.9460,1548.44,1.248,1.6446,25,worst
14001646,32.11,75.53,1009.94,38.95,1386.32,1.117,1.9539,1613.02,1.300,1.5387,25,worst
14007515,32.11,75.53,1009.93,39.28,1392.24,1.122,1.9413,1594.20,1.285,1.5687,25,worst
14013384,32.11,75.54,1009.94,39.02,1390.16,1.120,1.9457,1593.18,1.284,1.5703,25,worst
14019253,32.11,75.54,1009.94,38.99,1391.50,1.121,1.9429,1606.38,1.295,1.5492,25,worst
14025122,32.11,75.53,1009.94,39.06,1391.46,1.121,1.9430,1579.28,1.273,1.5930,25,worst
14030991,32.11,75.53,1009.94,39.06,1392.54,1.122,1.9407,1592.16,1.283,1.5720,25,worst
14036860,32.12,75.55,1009.94,39.10,1383.06,1.115,1.9608,1582.30,1.275,1.5880,25,worst
14042729,32.12,75.54,1009.94,39.10,1383.86,1.115,1.9591,1594.06,1.285,1.5689,25,worst
14048598,32.12,75.54,1009.94,39.28,1385.74,1.117,1.9551,1583.60,1.276,1.5859,25,worst
14054467,32.12,75.53,1009.94,39.10,1386.72,1.118,1.9530,1592.50,1.283,1.5714,25,worst
14060336,32.12,75.53,1009.94,39.17,1386.54,1.117,1.9534,1588.72,1.280,1.5775,25,worst
14066205,32.12,75.53,1009.95,38.95,1385.64,1.117,1.9553,1586.32,1.278,1.5814,25,worst
14072074,32.12,75.55,1009.94,39.17,1387.08,1.118,1.9522,1591.96,1.283,1.5723,25,worst
14077943,32.12,75.54,1009.94,39.06,1390.38,1.120,1.9452,1571.50,1.266,1.6058,25,worst
14083812,32.12,75.51,1009.94,39.13,1392.06,1.122,1.9417,1539.52,1.241,1.6599,25,worst
14089681,32.12,75.53,1009.94,39.10,1391.10,1.121,1.9437,1563.82,1.260,1.6186,25,worst
14095550,32.12,75.53,1009.95,39.06,1392.20,1.122,1.9414,1593.72,1.284,1.5695,25,worst
14101419,32.12,75.52,1009.95,39.06,1391.30,1.121,1.9433,1589.64,1.281,1.5761,25,worst
14107288,32.12,75.53,1009.95,39.06,1391.24,1.121,1.9434,1550.28,1.249,1.6415,25,worst
14113157,32.12,75.52,1009.95,39.13,1390.90,1.121,1.9441,1569.06,1.264,1.6098,25,worst
14119026,32.12,75.52,1009.96,39.24,1390.90,1.121,1.9441,1546.40,1.246,1.6481,25,worst
14124895,32.13,75.51,1009.96,39.13,1390.78,1.121,1.9444,1603.00,1.292,1.5546,25,worst
14130764,32.13,75.52,1009.97,39.06,1391.20,1.121,1.9435,1599.88,1.289,1.5596,25,worst
14136633,32.13,75.51,1009.97,39.35,1388.96,1.119,1.9482,1598.76,1.288,1.5614,25,worst
14142502,32.13,75.51,1009.97,38.92,1392.18,1.122,1.9414,1598.08,1.288,1.5625,25,worst
14148371,32.13,75.53,1009.97,39.17,1392.00,1.122,1.9418,1602.48,1.291,1.5554,25,worst
14154240,32.13,75.51,1009.97,39.17,1392.12,1.122,1.9416,1586.54,1.279,1.5811,25,worst
14160109,32.13,75.53,1009.97,39.13,1392.46,1.122,1.9408,1578.24,1.272,1.5947,25,worst
14165978,32.14,75.51,1009.98,39.31,1391.80,1.122,1.9422,1586.96,1.279,1.5804,25,worst
14171847,32.14,75.51,1009.97,39.10,1393.54,1.123,1.9386,1586.20,1.278,1.5816,25,worst
14177716,32.14,75.50,1009.98,39.06,1394.10,1.123,1.9374,1585.48,1.278,1.5828,25,worst
14183585,32.14,75.51,1009.98,39.20,1393.74,1.123,1.9381,1586.28,1.278,1.5815,25,worst
14189454,32.14,75.50,1009.98,39.10,1392.54,1.122,1.9407,1584.70,1.277,1.5841,25,worst
14195323,32.14,75.49,1009.98,39.13,1392.52,1.122,1.9407,1581.78,1.275,1.5889,25,worst
14201192,32.14,75.48,1009.99,39.20,1386.94,1.118,1.9525,1583.30,1.276,1.5864,25,worst
14207061,32.14,75.48,1009.98,39.24,1382.96,1.114,1.9610,1582.78,1.276,1.5872,25,worst
14212930,32.14,75.48,1009.98,39.10,1384.32,1.116,1.9581,1583.42,1.276,1.5862,25,worst
14218799,32.14,75.51,1009.98,39.17,1387.68,1.118,1.9510,1583.66,1.276,1.5858,25,worst
14224668,32.14,75.52,1009.98,39.10,1383.28,1.115,1.9604,1583.58,1.276,1.5859,25,worst
14230537,32.14,75.51,1009.98,39.31,1394.44,1.124,1.9367,1581.74,1.275,1.5889,25,worst
14236406,32.14,75.51,1009.97,39.28,1390.52,1.121,1.9449,1583.66,1.276,1.5858,25,worst
14242275,32.14,75.51,1009.97,39.13,1392.60,1.122,1.9405,1579.46,1.273,1.5927,25,worst
14248144,32.14,75.52,1009.97,39.13,1386.64,1.117,1.9532,1548.52,1.248,1.6445,25,worst
14254013,32.14,75.51,1009.97,39.17,1391.16,1.121,1.9436,1578.38,1.272,1.5944,25,worst
14259882,32.14,75.55,1009.97,39.20,1392.96,1.123,1.9398,1583.54,1.276,1.5860,25,worst
14265751,32.14,75.55,1009.97,39.24,1389.76,1.120,1.9466,1583.92,1.276,1.5854,25,worst
14271620,32.14,75.54,1009.97,39.20,1383.14,1.115,1.9607,1578.18,1.272,1.5948,25,worst
14277489,32.14,75.54,1009.97,39.24,1381.60,1.113,1.9640,1573.56,1.268,1.6024,25,worst
14283358,32.14,75.56,1009.98,39.42,1383.72,1.115,1.9594,1577.52,1.271,1.5958,25,worst
14289227,32.14,75.54,1009.98,39.38,1384.00,1.115,1.9588,1582.04,1.275,1.5884,25,worst
14295096,32.13,75.56,1009.98,39.49,1381.40,1.113,1.9644,1580.72,1.274,1.5906,25,worst
14300965,32.13,75.57,1009.98,39.38,1381.90,1.114,1.9633,1571.56,1.266,1.6057,25,worst
14306834,32.13,75.55,1009.99,39.31,1380.62,1.113,1.9661,1583.10,1.276,1.5867,25,worst
14312703,32.12,75.58,1009.99,39.42,1380.12,1.112,1.9671,1577.48,1.271,1.5959,25,worst
14318572,32.12,75.59,1009.98,39.46,1380.36,1.112,1.9666,1574.08,1.268,1.6015,25,worst
14324441,32.12,75.59,1009.98,39.20,1377.06,1.110,1.9737,1577.18,1.271,1.5964,25,worst
14330310,32.12,75.63,1009.98,39.24,1381.26,1.113,1.9647,1572.96,1.268,1.6034,25,worst
14336179,32.12,75.64,1009.98,39.31,1379.48,1.112,1.9685,1572.56,1.267,1.6040,25,worst
14342048,32.12,75.62,1009.98,39.28,1379.72,1.112,1.9680,1561.80,1.259,1.6220,25,worst
14347917,32.12,75.62,1009.98,39.49,1377.80,1.110,1.9721,1560.92,1.258,1.6235,25,worst
14353786,32.12,75.61,1009.98,39.42,1378.46,1.111,1.9707,1567.04,1.263,1.6132,25,worst
14359655,32.12,75.62,1009.98,39.53,1378.80,1.111,1.9700,1564.38,1.261,1.6177,25,worst
14365524,32.12,75.63,1009.98,39.35,1377.98,1.110,1.9717,1571.42,1.266,1.6059,25,worst
14371393,32.12,75.61,1009.98,39.42,1378.62,1.111,1.9704,1570.48,1.266,1.6075,25,worst
14377262,32.12,75.60,1009.98,39.35,1378.70,1.111,1.9702,1567.00,1.263,1.6133,25,worst
14383131,32.12,75.63,1009.99,39.49,1378.46,1.111,1.9707,1534.10,1.236,1.6693,25,worst
14389000,32.12,75.60,1009.99,39.49,1380.18,1.112,1.9670,1569.34,1.265,1.6094,25,worst
14394869,32.12,75.62,1009.98,39.42,1377.90,1.110,1.9719,1577.54,1.271,1.5958,25,worst
14400738,32.12,75.61,1009.97,39.42,1374.26,1.107,1.9798,1575.62,1.270,1.5990,25,worst
14406607,32.11,75.64,1009.98,39.42,1385.26,1.116,1.9561,1576.32,1.270,1.5978,25,worst
14412476,32.11,75.69,1009.97,39.57,1376.86,1.110,1.9742,1575.06,1.269,1.5999,25,worst
14418345,32.11,75.65,1009.98,39.68,1378.16,1.111,1.9714,1576.00,1.270,1.5984,25,worst
14424214,32.11,75.65,1009.99,39.64,1378.82,1.111,1.9699,1574.22,1.269,1.6013,25,worst
14430083,32.11,75.63,1009.98,39.71,1377.48,1.110,1.9728,1573.96,1.268,1.6017,25,worst
14435952,32.11,75.62,1009.98,39.46,1380.38,1.112,1.9666,1573.82,1.268,1.6019,25,worst
14441821,32.11,75.60,1009.97,39.71,1378.72,1.111,1.9701,1573.42,1.268,1.6026,25,worst
14447690,32.11,75.61,1009.97,39.53,1388.54,1.119,1.9491,1572.82,1.267,1.6036,25,worst
14453559,32.12,75.62,1009.97,39.53,1381.12,1.113,1.9650,1572.98,1.268,1.6033,25,worst
14459428,32.12,75.63,1009.98,39.35,1379.26,1.111,1.9690,1569.90,1.265,1.6084,25,worst
14465297,32.12,75.62,1009.97,39.68,1377.92,1.110,1.9719,1571.38,1.266,1.6060,25,worst
14471166,32.12,75.60,1009.98,39.49,1370.08,1.104,1.9889,1570.74,1.266,1.6071,25,worst
14477035,32.12,75.59,1009.98,39.53,1383.02,1.115,1.9609,1576.92,1.271,1.5968,25,worst
14482904,32.11,75.60,1009.97,39.60,1381.56,1.113,1.9640,1575.08,1.269,1.5999,25,worst
14488773,32.11,75.60,1009.97,39.60,1376.54,1.109,1.9748,1574.76,1.269,1.6004,25,worst
14494642,32.11,75.60,1009.97,39.75,1379.90,1.112,1.9676,1572.66,1.267,1.6039,25,worst
14500511,32.11,75.60,1009.97,39.53,1378.34,1.111,1.9710,1572.78,1.267,1.6037,25,worst
14506380,32.11,75.59,1009.96,39.60,1370.54,1.104,1.9879,1576.00,1.270,1.5984,25,worst
14512249,32.11,75.58,1009.96,39.57,1377.46,1.110,1.9729,1573.80,1.268,1.6020,25,worst
14518118,32.11,75.57,1009.96,39.64,1373.14,1.107,1.9822,1573.82,1.268,1.6019,25,worst
14523987,32.12,75.57,1009.96,39.64,1373.46,1.107,1.9815,1573.88,1.268,1.6019,25,worst
14529856,32.12,75.56,1009.96,39.60,1372.60,1.106,1.9834,1572.42,1.267,1.6043,25,worst
14535725,32.12,75.57,1009.96,39.49,1375.04,1.108,1.9781,1572.68,1.267,1.6038,25,worst
14541594,32.11,75.60,1009.97,39.79,1374.98,1.108,1.9782,1572.04,1.267,1.6049,25,worst
14547463,32.11,75.57,1009.96,39.71,1373.52,1.107,1.9814,1574.24,1.269,1.6013,25,worst
14553332,32.11,75.55,1009.96,39.71,1369.80,1.104,1.9895,1578.06,1.272,1.5950,25,worst
14559201,32.11,75.57,1009.96,39.71,1373.10,1.107,1.9823,1576.44,1.270,1.5976,25,worst
14565070,32.11,75.57,1009.97,39.71,1375.62,1.109,1.9768,1576.14,1.270,1.5981,25,worst
14570939,32.11,75.59,1009.96,39.75,1374.16,1.107,1.9800,1577.36,1.271,1.5961,25,worst
14576808,32.11,75.59,1009.96,39.64,1374.36,1.108,1.9796,1573.50,1.268,1.6025,25,worst
14582677,32.11,75.57,1009.96,39.86,1375.10,1.108,1.9780,1572.86,1.268,1.6035,25,worst
14588546,32.11,75.57,1009.96,39.83,1377.24,1.110,1.9733,1577.76,1.271,1.5955,25,worst
14594415,32.11,75.56,1009.96,39.64,1380.30,1.112,1.9667,1564.94,1.261,1.6167,25,worst
14600284,32.11,75.55,1009.96,39.79,1380.70,1.113,1.9659,1579.02,1.272,1.5934,25,worst
14606153,32.11,75.56,1009.96,39.86,1374.62,1.108,1.9790,1578.78,1.272,1.5938,25,worst
14612022,32.11,75.58,1009.97,39.71,1370.70,1.105,1.9875,1555.08,1.253,1.6333,25,worst
14617891,32.11,75.56,1009.97,39.71,1371.88,1.106,1.9850,1580.08,1.273,1.5916,25,worst
14623760,32.11,75.57,1009.98,39.53,1374.16,1.107,1.9800,1577.98,1.272,1.5951,25,worst
14629629,32.11,75.56,1009.97,39.79,1374.58,1.108,1.9791,1578.32,1.272,1.5945,25,worst
14635498,32.11,75.55,1009.97,39.75,1376.26,1.109,1.9755,1576.54,1.270,1.5975,25,worst
14641367,32.11,75.53,1009.97,39.75,1373.98,1.107,1.9804,1582.66,1.275,1.5874,25,worst
14647236,32.11,75.55,1009.97,39.86,1373.72,1.107,1.9810,1582.24,1.275,1.5881,25,worst
14653105,32.11,75.55,1009.97,39.90,1373.22,1.107,1.9820,1582.98,1.276,1.5869,25,worst
14658974,32.11,75.55,1009.97,39.79,1373.34,1.107,1.9818,1586.86,1.279,1.5806,25,worst
14664843,32.11,75.54,1009.98,39.83,1374.34,1.108,1.9796,1591.80,1.283,1.5726,25,worst
14670712,32.12,75.56,1009.98,39.83,1373.80,1.107,1.9808,1587.94,1.280,1.5788,25,worst
14676581,32.11,75.54,1009.97,39.75,1374.50,1.108,1.9793,1583.68,1.276,1.5857,25,worst
14682450,32.12,75.57,1009.98,39.68,1373.94,1.107,1.9805,1584.56,1.277,1.5843,25,worst
14688319,32.12,75.54,1009.98,39.83,1374.02,1.107,1.9803,1585.52,1.278,1.5827,25,worst
14694188,32.12,75.52,1009.98,39.90,1374.38,1.108,1.9795,1577.52,1.271,1.5958,25,worst
14700057,32.12,75.54,1009.98,39.83,1374.96,1.108,1.9783,1547.88,1.247,1.6456,25,worst
14705926,32.12,75.54,1009.97,39.79,1378.70,1.111,1.9702,1575.82,1.270,1.5986,25,worst
14711795,32.12,75.55,1009.98,39.94,1375.38,1.108,1.9774,1594.32,1.285,1.5685,25,worst
14717664,32.12,75.55,1009.99,39.75,1376.94,1.110,1.9740,1580.34,1.274,1.5912,25,worst
14723533,32.12,75.50,1009.98,39.68,1376.40,1.109,1.9752,1590.96,1.282,1.5739,25,worst
14729402,32.12,75.50,1009.98,39.90,1376.78,1.109,1.9743,1586.66,1.279,1.5809,25,worst
14735271,32.11,75.50,1009.98,39.86,1375.72,1.109,1.9766,1586.14,1.278,1.5817,25,worst
14741140,32.11,75.51,1009.98,39.79,1375.36,1.108,1.9774,1586.58,1.279,1.5810,25,worst
14747009,32.11,75.53,1009.97,39.75,1376.70,1.109,1.9745,1596.98,1.287,1.5642,25,worst
14752878,32.11,75.54,1009.97,40.01,1375.10,1.108,1.9780,1586.28,1.278,1.5815,25,worst
14758747,32.11,75.52,1009.97,39.83,1374.86,1.108,1.9785,1588.40,1.280,1.5781,25,worst
14764616,32.11,75.55,1009.97,39.83,1375.76,1.109,1.9765,1589.02,1.281,1.5771,25,worst
14770485,32.11,75.55,1009.97,39.83,1374.98,1.108,1.9782,1590.96,1.282,1.5739,25,worst
14776354,32.11,75.53,1009.96,39.79,1374.48,1.108,1.9793,1571.48,1.266,1.6058,25,worst
14782223,32.12,75.53,1009.96,39.86,1375.54,1.108,1.9770,1576.40,1.270,1.5977,25,worst
14788092,32.12,75.52,1009.96,39.75,1375.40,1.108,1.9773,1597.84,1.288,1.5628,25,worst
14793961,32.12,75.52,1009.97,39.97,1377.50,1.110,1.9728,1596.06,1.286,1.5657,25,worst
14799830,32.12,75.50,1009.96,39.83,1377.02,1.110,1.9738,1598.54,1.288,1.5617,25,worst
14805699,32.12,75.50,1009.96,40.09,1371.62,1.105,1.9855,1550.46,1.249,1.6412,25,worst
14811568,32.12,75.50,1009.96,39.79,1375.16,1.108,1.9778,1533.44,1.236,1.6705,25,worst
14817437,32.12,75.49,1009.96,39.79,1374.88,1.108,1.9784,1520.24,1.225,1.6937,25,worst
14823306,32.12,75.50,1009.97,39.79,1380.22,1.112,1.9669,1562.92,1.259,1.6201,25,worst
14829175,32.12,75.48,1009.97,39.64,1381.92,1.114,1.9633,1585.88,1.278,1.5822,25,worst
14835044,32.12,75.50,1009.97,39.86,1382.02,1.114,1.9631,1607.80,1.296,1.5470,25,worst
14840913,32.12,75.50,1009.97,39.79,1380.56,1.113,1.9662,1576.30,1.270,1.5979,25,worst
14846782,32.12,75.50,1009.96,39.94,1380.72,1.113,1.9658,1600.78,1.290,1.5581,25,worst
14852651,32.12,75.49,1009.96,39.83,1380.68,1.113,1.9659,1591.24,1.282,1.5735,25,worst
14858520,32.12,75.50,1009.97,39.83,1374.74,1.108,1.9787,1611.32,1.298,1.5414,25,worst
14864389,32.12,75.46,1009.97,39.79,1374.36,1.108,1.9796,1595.04,1.285,1.5673,25,worst
14870258,32.12,75.47,1009.97,39.79,1374.14,1.107,1.9800,1614.14,1.301,1.5370,25,worst
14876127,32.12,75.45,1009.97,40.01,1378.40,1.111,1.9708,1597.28,1.287,1.5637,25,worst
14881996,32.12,75.43,1009.96,39.90,1375.90,1.109,1.9762,1571.18,1.266,1.6063,25,worst
14887865,32.12,75.44,1009.96,39.90,1376.76,1.109,1.9744,1534.86,1.237,1.6680,25,worst
14893734,32.12,75.42,1009.97,40.09,1372.08,1.106,1.9845,1623.40,1.308,1.5225,25,worst
14899603,32.12,75.44,1009.97,39.97,1374.40,1.108,1.9795,1622.04,1.307,1.5246,25,worst
14905472,32.12,75.45,1009.96,40.13,1373.58,1.107,1.9813,1584.94,1.277,1.5837,25,worst
14911341,32.12,75.47,1009.95,39.94,1374.44,1.108,1.9794,1624.88,1.309,1.5202,25,worst
14917210,32.12,75.44,1009.94,39.97,1373.04,1.106,1.9824,1619.70,1.305,1.5282,25,worst
14923079,32.12,75.46,1009.94,40.01,1365.34,1.100,1.9993,1625.20,1.310,1.5197,25,worst
14928948,32.12,75.44,1009.94,39.94,1372.18,1.106,1.9843,1617.02,1.303,1.5324,25,worst
14934817,32.12,75.46,1009.94,39.86,1374.26,1.107,1.9798,1608.50,1.296,1.5459,25,worst
14940686,32.12,75.46,1009.94,39.94,1370.50,1.104,1.9880,1498.64,1.208,1.7325,25,worst
14946555,32.12,75.48,1009.94,39.94,1367.58,1.102,1.9943,1503.48,1.212,1.7237,25,worst
14952424,32.12,75.46,1009.94,39.83,1372.50,1.106,1.9836,1517.18,1.223,1.6991,25,worst
14958293,32.12,75.46,1009.95,39.79,1368.46,1.103,1.9924,1504.26,1.212,1.7223,25,worst
14964162,32.12,75.44,1009.95,39.94,1370.74,1.105,1.9874,1492.50,1.203,1.7437,25,worst
14970031,32.12,75.45,1009.95,39.83,1373.32,1.107,1.9818,1660.62,1.338,1.4659,25,worst
14975900,32.12,75.46,1009.95,39.68,1376.48,1.109,1.9750,1642.16,1.323,1.4937,25,worst
14981769,32.12,75.46,1009.95,39.79,1375.00,1.108,1.9782,1609.16,1.297,1.5448,25,worst
14987638,32.12,75.45,1009.94,39.79,1373.92,1.107,1.9805,1519.00,1.224,1.6959,25,worst
14993507,32.12,75.46,1009.94,39.94,1377.32,1.110,1.9732,1617.36,1.303,1.5319,25,worst
14999376,32.12,75.45,1009.95,39.90,1381.18,1.113,1.9649,1598.10,1.288,1.5624,25,worst
15005245,32.12,75.47,1009.94,39.94,1377.48,1.110,1.9728,1608.54,1.296,1.5458,25,worst
15011114,32.12,75.48,1009.93,39.97,1374.66,1.108,1.9789,1613.86,1.301,1.5374,25,worst
15016983,32.12,75.49,1009.94,39.71,1375.20,1.108,1.9777,1591.38,1.282,1.5732,25,worst
15022852,32.12,75.48,1009.93,40.09,1374.16,1.107,1.9800,1495.14,1.205,1.7389,25,worst
15028721,32.12,75.48,1009.93,39.75,1373.28,1.107,1.9819,1486.00,1.198,1.7557,25,worst
15034590,32.13,75.47,1009.92,40.05,1370.80,1.105,1.9873,1490.50,1.201,1.7474,25,worst
15040459,32.13,75.48,1009.93,39.94,1366.42,1.101,1.9969,1497.54,1.207,1.7345,25,worst
15046328,32.13,75.46,1009.94,40.05,1372.72,1.106,1.9831,1501.42,1.210,1.7274,25,worst
15052197,32.13,75.45,1009.93,39.94,1370.48,1.104,1.9880,1588.02,1.280,1.5787,25,worst
15058066,32.13,75.46,1009.93,40.20,1371.48,1.105,1.9858,1515.94,1.222,1.7013,25,worst
15063935,32.13,75.45,1009.93,40.05,1373.04,1.106,1.9824,1584.62,1.277,1.5842,25,worst
15069804,32.13,75.46,1009.93,39.86,1371.26,1.105,1.9863,1497.04,1.206,1.7354,25,worst
15075673,32.13,75.46,1009.92,40.01,1370.88,1.105,1.9871,1513.46,1.220,1.7057,25,worst
15081542,32.13,75.45,1009.92,39.86,1378.82,1.111,1.9699,1605.76,1.294,1.5502,25,worst
15087411,32.13,75.48,1009.92,39.94,1372.54,1.106,1.9835,1610.58,1.298,1.5426,25,worst
15093280,32.13,75.48,1009.93,39.90,1375.78,1.109,1.9765,1614.62,1.301,1.5362,25,worst
15099149,32.13,75.47,1009.92,39.94,1376.40,1.109,1.9752,1613.66,1.300,1.5377,25,worst
15105018,32.13,75.47,1009.93,39.90,1376.46,1.109,1.9750,1588.62,1.280,1.5777,25,worst
15110887,32.13,75.46,1009.94,39.86,1377.60,1.110,1.9726,1608.66,1.296,1.5456,25,worst
15116756,32.13,75.44,1009.93,39.90,1376.92,1.110,1.9740,1611.98,1.299,1.5404,25,worst
15122625,32.13,75.45,1009.94,40.01,1377.26,1.110,1.9733,1612.24,1.299,1.5399,25,worst
15128494,32.13,75.44,1009.93,39.94,1376.68,1.109,1.9745,1609.82,1.297,1.5438,25,worst
15134363,32.13,75.42,1009.94,40.01,1373.58,1.107,1.9813,1618.14,1.304,1.5307,25,worst
15140232,32.13,75.42,1009.93,40.05,1376.14,1.109,1.9757,1601.82,1.291,1.5565,25,worst
15146101,32.13,75.41,1009.93,39.90,1374.34,1.108,1.9796,1502.86,1.211,1.7248,25,worst
15151970,32.13,75.42,1009.94,40.01,1375.58,1.109,1.9769,1640.80,1.322,1.4957,25,worst
15157839,32.13,75.41,1009.93,40.13,1378.42,1.111,1.9708,1614.38,1.301,1.5366,25,worst
15163708,32.13,75.42,1009.93,40.24,1373.98,1.107,1.9804,1616.16,1.302,1.5338,25,worst
15169577,32.13,75.41,1009.94,40.05,1378.88,1.111,1.9698,1610.92,1.298,1.5420,25,worst
15175446,32.13,75.42,1009.93,40.05,1378.02,1.110,1.9717,1620.28,1.306,1.5273,25,worst
15181315,32.13,75.40,1009.93,40.09,1376.08,1.109,1.9758,1612.58,1.300,1.5394,25,worst
15187184,32.13,75.40,1009.91,40.13,1375.86,1.109,1.9763,1601.14,1.290,1.5576,25,worst
15193053,32.13,75.41,1009.91,40.01,1376.78,1.109,1.9743,1485.98,1.197,1.7558,25,worst
15198922,32.13,75.42,1009.92,40.09,1368.90,1.103,1.9915,1484.50,1.196,1.7585,25,worst
15204791,32.13,75.40,1009.91,40.13,1375.46,1.108,1.9772,1488.94,1.200,1.7503,25,worst
15210660,32.13,75.40,1009.91,40.16,1373.42,1.107,1.9816,1491.36,1.202,1.7458,25,worst
15216529,32.14,75.38,1009.92,40.09,1371.76,1.105,1.9852,1494.06,1.204,1.7409,25,worst
15222398,32.14,75.41,1009.92,40.24,1369.40,1.104,1.9904,1492.28,1.203,1.7441,25,worst
15228267,32.14,75.41,1009.92,40.09,1367.94,1.102,1.9936,1492.46,1.203,1.7438,25,worst
15234136,32.14,75.41,1009.92,40.09,1365.70,1.101,1.9985,1493.70,1.204,1.7415,25,worst
15240005,32.14,75.41,1009.91,40.05,1366.92,1.102,1.9958,1493.60,1.204,1.7417,25,worst
15245874,32.14,75.43,1009.91,40.28,1372.36,1.106,1.9839,1493.34,1.203,1.7422,25,worst
15251743,32.14,75.42,1009.91,40.20,1374.28,1.107,1.9797,1493.28,1.203,1.7423,25,worst
15257612,32.14,75.43,1009.91,40.01,1373.82,1.107,1.9807,1494.30,1.204,1.7404,25,worst
15263481,32.13,75.43,1009.91,40.20,1366.82,1.101,1.9960,1494.48,1.204,1.7401,25,worst
15269350,32.13,75.43,1009.90,40.20,1372.16,1.106,1.9843,1493.86,1.204,1.7412,25,worst
15275219,32.13,75.42,1009.90,39.79,1367.90,1.102,1.9936,1493.56,1.204,1.7418,25,worst
15281088,32.13,75.41,1009.91,40.09,1368.08,1.102,1.9932,1494.06,1.204,1.7409,25,worst
15286957,32.13,75.40,1009.91,40.20,1367.10,1.102,1.9954,1493.62,1.204,1.7417,25,worst
15292826,32.13,75.41,1009.90,40.28,1369.78,1.104,1.9895,1494.38,1.204,1.7403,25,worst
15298695,32.13,75.38,1009.90,40.28,1369.88,1.104,1.9893,1493.86,1.204,1.7412,25,worst
15304564,32.13,75.41,1009.90,40.20,1371.06,1.105,1.9867,1495.44,1.205,1.7383,25,worst
15310433,32.13,75.43,1009.89,40.24,1371.38,1.105,1.9860,1495.08,1.205,1.7390,25,worst
15316302,32.13,75.41,1009.89,40.13,1373.34,1.107,1.9818,1495.50,1.205,1.7382,25,worst
15322171,32.13,75.41,1009.89,40.39,1367.94,1.102,1.9936,1495.42,1.205,1.7384,25,worst
15328040,32.13,75.41,1009.90,40.24,1366.70,1.101,1.9963,1495.36,1.205,1.7385,25,worst
15333909,32.12,75.40,1009.90,40.24,1366.16,1.101,1.9975,1495.10,1.205,1.7389,25,worst
15339778,32.12,75.42,1009.90,40.28,1367.98,1.102,1.9935,1499.84,1.209,1.7303,25,worst
15345647,32.12,75.43,1009.91,40.16,1368.78,1.103,1.9917,1495.36,1.205,1.7385,25,worst
15351516,32.12,75.42,1009.91,40.20,1362.26,1.098,2.0060,1495.52,1.205,1.7382,25,worst
15357385,32.11,75.41,1009.90,40.39,1366.02,1.101,1.9978,1495.06,1.205,1.7390,25,worst
15363254,32.11,75.40,1009.90,40.24,1366.28,1.101,1.9972,1495.12,1.205,1.7389,25,worst
15369123,32.11,75.41,1009.90,40.31,1364.64,1.100,2.0008,1493.86,1.204,1.7412,25,worst
15374992,32.11,75.42,1009.90,40.16,1365.56,1.100,1.9988,1499.30,1.208,1.7313,25,worst
15380861,32.11,75.41,1009.90,40.39,1364.16,1.099,2.0018,1491.58,1.202,1.7454,25,worst
15386730,32.11,75.41,1009.90,40.35,1364.44,1.100,2.0012,1499.98,1.209,1.7300,25,worst
15392599,32.10,75.42,1009.90,40.51,1363.70,1.099,2.0029,1496.60,1.206,1.7362,25,worst
15398468,32.10,75.43,1009.89,40.43,1363.54,1.099,2.0032,1496.10,1.206,1.7371,25,worst
15404337,32.09,75.43,1009.90,40.51,1367.10,1.102,1.9954,1499.62,1.208,1.7307,25,worst
15410206,32.09,75.45,1009.89,40.58,1370.34,1.104,1.9883,1498.06,1.207,1.7335,25,worst
15416075,32.09,75.45,1009.88,40.62,1369.26,1.103,1.9907,1489.92,1.201,1.7485,25,worst
15421944,32.08,75.46,1009.88,40.58,1368.80,1.103,1.9917,1495.84,1.205,1.7376,25,worst
15427813,32.08,75.49,1009.88,40.58,1369.04,1.103,1.9911,1491.98,1.202,1.7447,25,worst
15433682,32.08,75.48,1009.87,40.54,1369.36,1.104,1.9904,1489.92,1.201,1.7485,25,worst
15439551,32.08,75.49,1009.87,40.62,1367.72,1.102,1.9940,1519.56,1.225,1.6949,25,worst
15445420,32.07,75.52,1009.87,40.39,1366.52,1.101,1.9967,1521.46,1.226,1.6915,25,worst
15451289,32.07,75.52,1009.87,40.82,1367.22,1.102,1.9951,1518.26,1.224,1.6972,25,worst
15457158,32.07,75.54,1009.86,40.62,1360.14,1.096,2.0107,1518.84,1.224,1.6961,25,worst
15463027,32.07,75.55,1009.87,40.85,1361.90,1.098,2.0068,1510.24,1.217,1.7115,25,worst
15468896,32.07,75.54,1009.86,40.47,1366.26,1.101,1.9972,1508.18,1.215,1.7152,25,worst
15474765,32.06,75.54,1009.87,40.66,1379.24,1.111,1.9690,1511.66,1.218,1.7089,25,worst
15480634,32.06,75.52,1009.86,40.78,1373.60,1.107,1.9812,1512.04,1.218,1.7083,25,worst
15486503,32.06,75.52,1009.87,40.66,1372.26,1.106,1.9841,1509.26,1.216,1.7133,25,worst
15492372,32.06,75.50,1009.88,40.47,1370.64,1.105,1.9877,1514.98,1.221,1.7030,25,worst
15498241,32.06,75.53,1009.87,40.66,1370.60,1.105,1.9877,1511.26,1.218,1.7097,25,worst
15504110,32.06,75.54,1009.86,40.51,1369.78,1.104,1.9895,1512.48,1.219,1.7075,25,worst
15509979,32.06,75.56,1009.86,40.70,1369.74,1.104,1.9896,1507.68,1.215,1.7161,25,worst
15515848,32.05,75.56,1009.86,40.47,1369.56,1.104,1.9900,1514.32,1.220,1.7042,25,worst
15521717,32.05,75.58,1009.85,40.66,1367.16,1.102,1.9953,1511.50,1.218,1.7092,25,worst
15527586,32.05,75.57,1009.86,40.51,1368.06,1.102,1.9933,1511.10,1.218,1.7099,25,worst
15533455,32.04,75.62,1009.85,40.74,1367.16,1.102,1.9953,1509.76,1.217,1.7124,25,worst
15539324,32.04,75.65,1009.85,40.54,1366.46,1.101,1.9968,1510.90,1.218,1.7103,25,worst
15545193,32.03,75.71,1009.86,40.70,1366.02,1.101,1.9978,1512.86,1.219,1.7068,25,worst
15551062,32.03,75.71,1009.86,40.70,1366.72,1.101,1.9962,1509.30,1.216,1.7132,25,worst
